function M = getM_N60(A1, A2, A3, A4, A5, A6, A7, A8, A9, A10, A11, A12, A13, A14, A15, A16, A17, A18, A19, A20, A21, A22, A23, A24, A25, A26, A27, A28, A29, A30, A31, A32, A33, A34, A35, A36, A37, A38, A39, A40, A41, A42, A43, A44, A45, A46, A47, A48, A49, A50, A51, A52, A53, A54, A55, A56, A57, A58, A59, A60)
M = [
    
 
                                                                                                                                                                                                                                    A1;
                                                                                                                                                                                                                                 A1*A2;
                                                                                                                                                                                                                              A1*A2*A3;
                                                                                                                                                                                                                           A1*A2*A3*A4;
                                                                                                                                                                                                                        A1*A2*A3*A4*A5;
                                                                                                                                                                                                                     A1*A2*A3*A4*A5*A6;
                                                                                                                                                                                                                  A1*A2*A3*A4*A5*A6*A7;
                                                                                                                                                                                                               A1*A2*A3*A4*A5*A6*A7*A8;
                                                                                                                                                                                                            A1*A2*A3*A4*A5*A6*A7*A8*A9;
                                                                                                                                                                                                        A1*A2*A3*A4*A5*A6*A7*A8*A9*A10;
                                                                                                                                                                                                    A1*A2*A3*A4*A5*A6*A7*A8*A9*A10*A11;
                                                                                                                                                                                                A1*A2*A3*A4*A5*A6*A7*A8*A9*A10*A11*A12;
                                                                                                                                                                                            A1*A2*A3*A4*A5*A6*A7*A8*A9*A10*A11*A12*A13;
                                                                                                                                                                                        A1*A2*A3*A4*A5*A6*A7*A8*A9*A10*A11*A12*A13*A14;
                                                                                                                                                                                    A1*A2*A3*A4*A5*A6*A7*A8*A9*A10*A11*A12*A13*A14*A15;
                                                                                                                                                                                A1*A2*A3*A4*A5*A6*A7*A8*A9*A10*A11*A12*A13*A14*A15*A16;
                                                                                                                                                                            A1*A2*A3*A4*A5*A6*A7*A8*A9*A10*A11*A12*A13*A14*A15*A16*A17;
                                                                                                                                                                        A1*A2*A3*A4*A5*A6*A7*A8*A9*A10*A11*A12*A13*A14*A15*A16*A17*A18;
                                                                                                                                                                    A1*A2*A3*A4*A5*A6*A7*A8*A9*A10*A11*A12*A13*A14*A15*A16*A17*A18*A19;
                                                                                                                                                                A1*A2*A3*A4*A5*A6*A7*A8*A9*A10*A11*A12*A13*A14*A15*A16*A17*A18*A19*A20;
                                                                                                                                                            A1*A2*A3*A4*A5*A6*A7*A8*A9*A10*A11*A12*A13*A14*A15*A16*A17*A18*A19*A20*A21;
                                                                                                                                                        A1*A2*A3*A4*A5*A6*A7*A8*A9*A10*A11*A12*A13*A14*A15*A16*A17*A18*A19*A20*A21*A22;
                                                                                                                                                    A1*A2*A3*A4*A5*A6*A7*A8*A9*A10*A11*A12*A13*A14*A15*A16*A17*A18*A19*A20*A21*A22*A23;
                                                                                                                                                A1*A2*A3*A4*A5*A6*A7*A8*A9*A10*A11*A12*A13*A14*A15*A16*A17*A18*A19*A20*A21*A22*A23*A24;
                                                                                                                                            A1*A2*A3*A4*A5*A6*A7*A8*A9*A10*A11*A12*A13*A14*A15*A16*A17*A18*A19*A20*A21*A22*A23*A24*A25;
                                                                                                                                        A1*A2*A3*A4*A5*A6*A7*A8*A9*A10*A11*A12*A13*A14*A15*A16*A17*A18*A19*A20*A21*A22*A23*A24*A25*A26;
                                                                                                                                    A1*A2*A3*A4*A5*A6*A7*A8*A9*A10*A11*A12*A13*A14*A15*A16*A17*A18*A19*A20*A21*A22*A23*A24*A25*A26*A27;
                                                                                                                                A1*A2*A3*A4*A5*A6*A7*A8*A9*A10*A11*A12*A13*A14*A15*A16*A17*A18*A19*A20*A21*A22*A23*A24*A25*A26*A27*A28;
                                                                                                                            A1*A2*A3*A4*A5*A6*A7*A8*A9*A10*A11*A12*A13*A14*A15*A16*A17*A18*A19*A20*A21*A22*A23*A24*A25*A26*A27*A28*A29;
                                                                                                                        A1*A2*A3*A4*A5*A6*A7*A8*A9*A10*A11*A12*A13*A14*A15*A16*A17*A18*A19*A20*A21*A22*A23*A24*A25*A26*A27*A28*A29*A30;
                                                                                                                    A1*A2*A3*A4*A5*A6*A7*A8*A9*A10*A11*A12*A13*A14*A15*A16*A17*A18*A19*A20*A21*A22*A23*A24*A25*A26*A27*A28*A29*A30*A31;
                                                                                                                A1*A2*A3*A4*A5*A6*A7*A8*A9*A10*A11*A12*A13*A14*A15*A16*A17*A18*A19*A20*A21*A22*A23*A24*A25*A26*A27*A28*A29*A30*A31*A32;
                                                                                                            A1*A2*A3*A4*A5*A6*A7*A8*A9*A10*A11*A12*A13*A14*A15*A16*A17*A18*A19*A20*A21*A22*A23*A24*A25*A26*A27*A28*A29*A30*A31*A32*A33;
