m=1400;
Izz=2667;
By=0.13*180/pi;
Cy=1.3;
Dy=0.7;
Ey=-1.6;
Bx=0.20*180/pi;
Cx=1.3;
Dx=0.7;
Ex=-1.6;
lf=1.4;
lr=1.4;
rw=0.5;
J = 100;
dt = 0.1;
g = 9.81;